1,1,0.561907E+01
1,3,-.628995E+00
1,2,-.940797E+00
1,9,0.287829E+00
1,8,-.628995E+00
1,653,-.129747E+01
1,654,0.285279E+00
2,2,0.560889E+01
2,1,-.940797E+00
2,3,0.287829E+00
2,6,0.287829E+00
2,9,-.663670E+00
3,3,0.561907E+01
3,1,-.628995E+00
3,2,0.287829E+00
3,167,-.129747E+01
3,653,0.285279E+00
4,4,0.564596E+01
4,6,-.663670E+00
4,5,-.960901E+00
4,10,-.960901E+00
4,9,0.287829E+00
4,491,-.870869E+00
4,493,0.366708E+00
5,5,0.564596E+01
5,4,-.960901E+00
5,6,0.287829E+00
5,491,0.366708E+00
6,4,-.663670E+00
6,6,0.560889E+01
6,5,0.287829E+00
6,2,0.287829E+00
6,9,-.940797E+00
7,7,0.500563E+01
7,8,-.628995E+00
7,10,-.960901E+00
7,175,-.610195E+00
7,177,-.109585E+01
8,7,-.628995E+00
8,8,0.561907E+01
8,10,0.287829E+00
8,1,-.628995E+00
8,9,-.940797E+00
8,177,0.285279E+00
8,654,-.129747E+01
9,1,0.287829E+00
9,9,0.560889E+01
9,8,-.940797E+00
9,4,0.287829E+00
9,10,-.663670E+00
9,6,-.940797E+00
9,2,-.663670E+00
10,7,-.960901E+00
10,8,0.287829E+00
10,10,0.564596E+01
10,4,-.960901E+00
10,9,-.663670E+00
10,175,0.366708E+00
10,493,-.870869E+00
11,11,0.529066E+01
11,14,-.825863E+00
11,16,-.754791E-01
11,350,-.350833E+00
11,352,-.323416E+00
11,1502,-.783599E+00
12,12,0.553033E+01
12,15,-.146278E+00
12,14,-.825863E+00
12,20,-.825863E+00
12,19,-.654535E-01
12,1049,-.391559E+00
12,1050,0.163974E+00
13,13,0.546508E+01
13,16,-.754791E-01
13,15,-.146278E+00
13,23,-.785330E+00
13,22,-.754791E-01
13,2046,-.122299E+00
13,2047,-.755398E+00
14,11,-.825863E+00
14,14,0.553033E+01
14,16,-.146278E+00
14,12,-.825863E+00
14,15,-.654535E-01
14,352,0.163974E+00
14,1050,-.391559E+00
15,12,-.146278E+00
15,15,0.545337E+01
15,14,-.654535E-01
15,13,-.146278E+00
15,16,-.785330E+00
15,19,-.785330E+00
15,23,-.654535E-01
16,11,-.754791E-01
16,14,-.146278E+00
16,16,0.546508E+01
16,13,-.754791E-01
16,15,-.785330E+00
16,1502,-.122299E+00
16,2046,-.755398E+00
17,17,0.560894E+01
17,19,-.654535E-01
17,18,-.217025E+00
17,24,-.217025E+00
17,23,-.785330E+00
17,25,-.365980E+00
17,29,0.593444E-02
18,18,0.560894E+01
18,20,-.654535E-01
18,17,-.217025E+00
18,19,-.785330E+00
18,25,0.593444E-02
19,17,-.654535E-01
19,19,0.545337E+01
19,18,-.785330E+00
19,12,-.654535E-01
19,20,-.146278E+00
19,15,-.785330E+00
19,23,-.146278E+00
20,18,-.654535E-01
20,20,0.553033E+01
20,12,-.825863E+00
20,19,-.146278E+00
20,1049,0.163974E+00
21,21,0.562144E+01
21,22,-.754791E-01
21,24,-.217025E+00
21,30,-.276513E+00
21,364,-.365450E+00
21,366,-.130915E+00
21,1495,-.128190E+00
21,1497,-.353562E-01
22,21,-.754791E-01
22,22,0.546508E+01
22,24,-.785330E+00
22,13,-.754791E-01
22,23,-.146278E+00
22,366,-.755398E+00
22,2047,-.122299E+00
23,13,-.785330E+00
23,23,0.545337E+01
23,22,-.146278E+00
23,17,-.785330E+00
23,24,-.654535E-01
23,19,-.146278E+00
23,15,-.654535E-01
24,21,-.217025E+00
24,22,-.785330E+00
24,24,0.560894E+01
24,17,-.217025E+00
24,23,-.654535E-01
24,30,0.593444E-02
24,29,-.365980E+00
25,25,0.576451E+01
25,17,-.365980E+00
25,18,0.593444E-02
25,28,0.593444E-02
25,29,-.287773E+00
26,26,0.555454E+01
26,28,-.287773E+00
26,27,-.276513E+00
26,30,-.276513E+00
26,29,0.593444E-02
26,2217,-.812595E-01
26,2219,-.722472E+00
27,27,0.555454E+01
27,26,-.276513E+00
27,28,0.593444E-02
27,33,-.812595E-01
27,2217,-.722472E+00
28,26,-.287773E+00
28,28,0.576451E+01
28,27,0.593444E-02
28,25,0.593444E-02
28,29,-.365980E+00
29,17,0.593444E-02
29,29,0.576451E+01
29,24,-.365980E+00
29,26,0.593444E-02
29,30,-.287773E+00
29,28,-.365980E+00
29,25,-.287773E+00
30,21,-.276513E+00
30,24,0.593444E-02
30,30,0.555454E+01
30,26,-.276513E+00
30,29,-.287773E+00
30,1495,-.722472E+00
30,2219,-.812595E-01
31,31,0.546411E+01
31,33,-.782932E+00
31,32,-.466276E+00
31,39,0.191241E+00
31,38,-.782932E+00
31,2217,-.812595E-01
31,2218,-.187045E+00
32,32,0.558364E+01
32,31,-.466276E+00
32,33,0.191241E+00
32,36,0.191241E+00
32,39,-.843393E+00
33,33,0.546411E+01
33,31,-.782932E+00
33,32,0.191241E+00
33,27,-.812595E-01
33,2217,-.187045E+00
34,34,0.536699E+01
34,36,-.843393E+00
34,35,-.358206E+00
34,40,-.358206E+00
34,39,0.191241E+00
34,42,-.309038E+00
34,46,-.332901E+00
35,35,0.536699E+01
35,34,-.358206E+00
35,36,0.191241E+00
35,45,-.332901E+00
35,46,-.309038E+00
36,34,-.843393E+00
36,36,0.558364E+01
36,35,0.191241E+00
36,32,0.191241E+00
36,39,-.466276E+00
37,37,0.518586E+01
37,38,-.782932E+00
37,40,-.358206E+00
37,43,-.367605E+00
37,1487,-.753786E+00
37,1489,-.128190E+00
38,37,-.782932E+00
38,38,0.546411E+01
38,40,0.191241E+00
38,31,-.782932E+00
38,39,-.466276E+00
38,1489,-.187045E+00
38,2218,-.812595E-01
39,31,0.191241E+00
39,39,0.558364E+01
39,38,-.466276E+00
39,34,0.191241E+00
39,40,-.843393E+00
39,36,-.466276E+00
39,32,-.843393E+00
40,37,-.358206E+00
40,38,0.191241E+00
40,40,0.536699E+01
40,34,-.358206E+00
40,39,-.843393E+00
40,43,-.309038E+00
40,42,-.332901E+00
41,41,0.522392E+01
41,43,-.367605E+00
41,42,-.309038E+00
41,49,-.250135E+00
41,48,-.367605E+00
41,2350,0.534069E-01
41,2351,-.717602E+00
42,34,-.309038E+00
42,42,0.515034E+01
42,40,-.332901E+00
42,41,-.309038E+00
42,43,-.250135E+00
42,46,-.250135E+00
42,49,-.332901E+00
43,37,-.367605E+00
43,40,-.309038E+00
43,43,0.522392E+01
43,41,-.367605E+00
43,42,-.250135E+00
43,1487,0.534069E-01
43,2350,-.717602E+00
44,44,0.569470E+01
44,46,-.332901E+00
44,45,-.510707E+00
44,50,-.510707E+00
44,49,-.250135E+00
44,1715,0.222904E+00
44,1719,-.215607E+00
45,45,0.569470E+01
45,35,-.332901E+00
45,44,-.510707E+00
45,46,-.250135E+00
45,1715,-.215607E+00
46,44,-.332901E+00
46,46,0.515034E+01
46,45,-.250135E+00
46,34,-.332901E+00
46,35,-.309038E+00
46,42,-.250135E+00
46,49,-.309038E+00
47,47,0.595153E+01
47,48,-.367605E+00
47,50,-.510707E+00
47,1720,0.160298E+00
47,2042,-.873759E-01
47,2044,-.121109E+00
47,2153,-.385707E+00
48,47,-.367605E+00
48,48,0.522392E+01
48,50,-.250135E+00
48,41,-.367605E+00
48,49,-.309038E+00
48,2044,-.717602E+00
48,2351,0.534069E-01
49,41,-.250135E+00
49,49,0.515034E+01
49,48,-.309038E+00
49,44,-.250135E+00
49,50,-.332901E+00
49,46,-.309038E+00
49,42,-.332901E+00
50,47,-.510707E+00
50,48,-.250135E+00
50,50,0.569470E+01
50,44,-.510707E+00
50,49,-.332901E+00
50,1720,-.215607E+00
50,1719,0.222904E+00
51,51,0.510729E+01
51,53,-.754682E+00
51,52,-.280606E+00
51,59,0.228232E-01
51,58,-.754682E+00
51,700,-.346631E+00
51,702,-.150414E+00
52,52,0.535356E+01
52,51,-.280606E+00
52,53,0.228232E-01
52,56,0.228232E-01
52,59,-.869106E+00
53,53,0.510729E+01
53,51,-.754682E+00
53,52,0.228232E-01
53,691,-.346631E+00
53,700,-.150414E+00
54,54,0.547565E+01
54,56,-.869106E+00
54,55,-.349543E+00
54,60,-.349543E+00
54,59,0.228232E-01
54,401,-.566627E+00
54,403,0.108354E+00
55,55,0.547565E+01
55,54,-.349543E+00
55,56,0.228232E-01
55,401,0.108354E+00
56,54,-.869106E+00
56,56,0.535356E+01
56,55,0.228232E-01
56,52,0.228232E-01
56,59,-.280606E+00
57,57,0.497342E+01
57,58,-.754682E+00
57,60,-.349543E+00
57,63,-.448792E+00
57,65,-.749401E+00
57,701,-.256831E+00
58,57,-.754682E+00
58,58,0.510729E+01
58,60,0.228232E-01
58,51,-.754682E+00
58,59,-.280606E+00
58,701,-.150414E+00
58,702,-.346631E+00
59,51,0.228232E-01
59,59,0.535356E+01
59,58,-.280606E+00
59,54,0.228232E-01
59,60,-.869106E+00
59,56,-.280606E+00
59,52,-.869106E+00
60,57,-.349543E+00
60,58,0.228232E-01
60,60,0.547565E+01
60,54,-.349543E+00
60,59,-.869106E+00
60,63,0.108354E+00
60,403,-.566627E+00
61,61,0.537775E+01
61,64,-.781171E-03
61,63,-.448792E+00
61,69,-.448792E+00
61,68,-.879013E+00
61,402,-.418480E+00
61,403,0.108354E+00
62,62,0.490983E+01
62,65,-.749401E+00
62,64,-.781171E-03
62,72,-.330957E+00
62,71,-.749401E+00
62,1082,-.434963E+00
62,1083,-.167031E+00
63,57,-.448792E+00
63,63,0.537775E+01
63,65,-.781171E-03
63,61,-.448792E+00
63,64,-.879013E+00
63,60,0.108354E+00
63,403,-.418480E+00
64,61,-.781171E-03
64,64,0.515777E+01
64,63,-.879013E+00
64,62,-.781171E-03
64,65,-.330957E+00
64,68,-.330957E+00
64,72,-.879013E+00
65,57,-.749401E+00
65,63,-.781171E-03
65,65,0.490983E+01
65,62,-.749401E+00
65,64,-.330957E+00
65,701,-.434963E+00
65,1082,-.167031E+00
66,66,0.568506E+01
66,68,-.879013E+00
66,67,-.313674E+00
66,73,-.313674E+00
66,72,-.330957E+00
66,1084,-.827202E+00
66,1086,0.406044E+00
67,67,0.568506E+01
67,69,-.879013E+00
67,66,-.313674E+00
67,68,-.330957E+00
67,76,-.827202E+00
67,1084,0.406044E+00
68,66,-.879013E+00
68,68,0.515777E+01
68,67,-.330957E+00
68,61,-.879013E+00
68,69,-.781171E-03
68,64,-.330957E+00
68,72,-.781171E-03
69,67,-.879013E+00
69,69,0.537775E+01
69,61,-.448792E+00
69,68,-.781171E-03
69,402,0.108354E+00
70,70,0.503659E+01
70,71,-.749401E+00
70,73,-.313674E+00
70,741,-.574148E+00
70,743,-.416982E+00
70,1056,-.501227E+00
71,70,-.749401E+00
71,71,0.490983E+01
71,73,-.330957E+00
71,62,-.749401E+00
71,72,-.781171E-03
71,1056,-.167031E+00
71,1083,-.434963E+00
72,62,-.330957E+00
72,72,0.515777E+01
72,71,-.781171E-03
72,66,-.330957E+00
72,73,-.879013E+00
72,68,-.781171E-03
72,64,-.879013E+00
73,70,-.313674E+00
73,71,-.330957E+00
73,73,0.568506E+01
73,66,-.313674E+00
73,72,-.879013E+00
73,741,0.406044E+00
73,1086,-.827202E+00
74,74,0.627995E+01
74,76,0.329786E+00
74,75,-.612480E+00
74,82,-.244410E+00
74,81,0.329786E+00
74,1084,-.827202E+00
74,1085,-.626568E+00
75,75,0.634755E+01
75,74,-.612480E+00
75,76,-.244410E+00
75,79,-.244410E+00
75,82,0.253528E+00
76,76,0.627995E+01
76,74,0.329786E+00
76,75,-.244410E+00
76,67,-.827202E+00
76,1084,-.626568E+00
77,77,0.583872E+01
77,79,0.253528E+00
77,78,-.432889E+00
77,83,-.432889E+00
77,82,-.244410E+00
77,345,-.255273E+00
77,349,-.291378E+00
78,78,0.583872E+01
78,77,-.432889E+00
78,79,-.244410E+00
78,348,-.291378E+00
78,349,-.255273E+00
79,77,0.253528E+00
79,79,0.634755E+01
79,78,-.244410E+00
79,75,-.244410E+00
79,82,-.612480E+00
80,80,0.591915E+01
80,81,0.329786E+00
80,83,-.432889E+00
80,346,-.350833E+00
80,734,-.218651E+00
80,736,-.574148E+00
80,769,0.912859E-01
80,771,-.181508E+00
81,80,0.329786E+00
81,81,0.627995E+01
81,83,-.244410E+00
81,74,0.329786E+00
81,82,-.612480E+00
81,736,-.626568E+00
81,1085,-.827202E+00
82,74,-.244410E+00
82,82,0.634755E+01
82,81,-.612480E+00
82,77,-.244410E+00
82,83,0.253528E+00
82,79,-.612480E+00
82,75,0.253528E+00
83,80,-.432889E+00
83,81,-.244410E+00
83,83,0.583872E+01
83,77,-.432889E+00
83,82,0.253528E+00
83,346,-.255273E+00
83,345,-.291378E+00
84,84,0.606282E+01
84,86,0.253668E-01
84,85,-.224730E-01
84,92,-.176231E+00
84,91,0.253668E-01
84,1602,-.368826E+00
84,1605,-.596573E+00
85,85,0.637417E+01
85,84,-.224730E-01
85,86,-.176231E+00
85,89,-.176231E+00
85,92,-.885986E-01
86,86,0.606282E+01
86,84,0.253668E-01
86,85,-.176231E+00
86,1258,-.368826E+00
86,1602,-.596573E+00
87,87,0.631807E+01
87,89,-.885986E-01
87,88,-.822767E-02
87,93,-.822767E-02
87,92,-.176231E+00
87,940,-.147713E+00
87,944,-.213309E+00
88,88,0.631807E+01
88,87,-.822767E-02
88,89,-.176231E+00
88,155,-.147713E+00
88,940,-.213309E+00
89,87,-.885986E-01
89,89,0.637417E+01
89,88,-.176231E+00
89,85,-.176231E+00
89,92,-.224730E-01
90,90,0.617872E+01
90,91,0.253668E-01
90,93,-.822767E-02
90,945,-.685326E-01
90,1040,-.270687E+00
90,1457,0.143046E+00
90,1604,-.256249E+00
90,2093,-.306036E+00
91,90,0.253668E-01
91,91,0.606282E+01
91,93,-.176231E+00
91,84,0.253668E-01
91,92,-.224730E-01
91,1604,-.596573E+00
91,1605,-.368826E+00
92,84,-.176231E+00
92,92,0.637417E+01
92,91,-.224730E-01
92,87,-.176231E+00
92,93,-.885986E-01
92,89,-.224730E-01
92,85,-.885986E-01
93,90,-.822767E-02
93,91,-.176231E+00
93,93,0.631807E+01
93,87,-.822767E-02
93,92,-.885986E-01
93,945,-.213309E+00
93,944,-.147713E+00
94,94,0.555772E+01
94,96,-.651661E+00
94,95,-.276226E+00
94,102,0.786927E-01
94,101,-.651661E+00
94,224,-.304945E+00
94,226,0.190875E-01
95,95,0.565058E+01
95,94,-.276226E+00
95,96,0.786927E-01
95,99,0.786927E-01
95,102,-.686697E+00
96,96,0.555772E+01
96,94,-.651661E+00
96,95,0.786927E-01
96,215,-.304945E+00
96,224,0.190875E-01
97,97,0.554208E+01
97,99,-.686697E+00
97,98,-.219011E+00
97,103,-.219011E+00
97,102,0.786927E-01
97,282,-.692794E+00
97,286,-.795818E-01
98,98,0.554208E+01
98,97,-.219011E+00
98,99,0.786927E-01
98,282,-.795818E-01
99,97,-.686697E+00
99,99,0.565058E+01
99,98,0.786927E-01
99,95,0.786927E-01
99,102,-.276226E+00
100,100,0.519548E+01
100,101,-.651661E+00
100,103,-.219011E+00
100,225,-.284931E+00
100,287,-.618216E+00
100,748,-.453005E+00
101,100,-.651661E+00
101,101,0.555772E+01
101,103,0.786927E-01
101,94,-.651661E+00
101,102,-.276226E+00
101,225,0.190875E-01
101,226,-.304945E+00
102,94,0.786927E-01
102,102,0.565058E+01
102,101,-.276226E+00
102,97,0.786927E-01
102,103,-.686697E+00
102,99,-.276226E+00
102,95,-.686697E+00
103,100,-.219011E+00
103,101,0.786927E-01
103,103,0.554208E+01
103,97,-.219011E+00
103,102,-.686697E+00
103,287,-.795818E-01
103,286,-.692794E+00
104,104,0.612429E+01
104,107,0.193717E+00
104,109,-.185682E+00
104,1089,0.557301E-01
104,1091,-.321060E+00
104,2011,0.239398E-01
104,2013,-.116079E+00
104,2408,-.841647E+00
105,105,0.613424E+01
105,108,-.735557E-01
105,107,0.193717E+00
105,113,0.193717E+00
105,112,-.200760E+00
105,2406,-.106374E+01
105,2409,-.804628E+00
106,106,0.628150E+01
106,109,-.185682E+00
106,108,-.735557E-01
106,116,-.253432E-01
106,115,-.185682E+00
106,1961,-.230375E+00
106,1963,0.121874E-01
107,104,0.193717E+00
107,107,0.613424E+01
107,109,-.735557E-01
107,105,0.193717E+00
107,108,-.200760E+00
107,2408,-.804628E+00
107,2409,-.106374E+01
108,105,-.735557E-01
108,108,0.635728E+01
108,107,-.200760E+00
108,106,-.735557E-01
108,109,-.253432E-01
108,112,-.253432E-01
108,116,-.200760E+00
109,104,-.185682E+00
109,107,-.735557E-01
109,109,0.628150E+01
109,106,-.185682E+00
109,108,-.253432E-01
109,1089,-.230375E+00
109,1961,0.121874E-01
110,110,0.621141E+01
110,112,-.200760E+00
110,111,-.352249E-01
110,117,-.352249E-01
110,116,-.253432E-01
110,185,-.395644E+00
110,189,-.111078E+00
111,111,0.621141E+01
111,113,-.200760E+00
111,110,-.352249E-01
111,112,-.253432E-01
111,185,-.111078E+00
112,110,-.200760E+00
112,112,0.635728E+01
112,111,-.253432E-01
112,105,-.200760E+00
112,113,-.735557E-01
112,108,-.253432E-01
112,116,-.735557E-01
113,111,-.200760E+00
113,113,0.613424E+01
113,105,0.193717E+00
113,112,-.735557E-01
113,2020,-.106374E+01
113,2406,-.804628E+00
114,114,0.587465E+01
114,115,-.185682E+00
114,117,-.352249E-01
114,190,-.339852E+00
114,1951,-.888679E-01
114,1953,-.426274E+00
114,1962,-.113899E+00
115,114,-.185682E+00
115,115,0.628150E+01
115,117,-.253432E-01
115,106,-.185682E+00
115,116,-.735557E-01
115,1962,0.121874E-01
115,1963,-.230375E+00
116,106,-.253432E-01
116,116,0.635728E+01
116,115,-.735557E-01
116,110,-.253432E-01
116,117,-.200760E+00
116,112,-.735557E-01
116,108,-.200760E+00
117,114,-.352249E-01
117,115,-.253432E-01
117,117,0.621141E+01
117,110,-.352249E-01
117,116,-.200760E+00
117,190,-.111078E+00
117,189,-.395644E+00
118,118,0.575298E+01
118,120,-.179292E+00
118,119,-.408300E+00
118,126,-.140967E-01
118,125,-.179292E+00
118,1964,-.184779E+00
118,1965,-.284060E+00
119,119,0.580922E+01
119,118,-.408300E+00
119,120,-.140967E-01
119,123,-.140967E-01
119,126,-.203774E+00
120,120,0.575298E+01
120,118,-.179292E+00
120,119,-.140967E-01
120,187,-.184779E+00
120,1964,-.284060E+00
121,121,0.567562E+01
121,123,-.203774E+00
121,122,-.362457E+00
121,127,-.362457E+00
121,126,-.140967E-01
121,1850,-.124205E+00
121,1852,-.269664E+00
122,122,0.567562E+01
122,121,-.362457E+00
122,123,-.140967E-01
122,193,-.124205E+00
122,1850,-.269664E+00
123,121,-.203774E+00
123,123,0.580922E+01
123,122,-.140967E-01
123,119,-.140967E-01
123,126,-.408300E+00
124,124,0.560513E+01
124,125,-.179292E+00
124,127,-.362457E+00
124,1462,-.116842E+00
124,1464,-.580986E+00
124,1848,-.157146E+00
124,1955,-.888679E-01
125,124,-.179292E+00
125,125,0.575298E+01
125,127,-.140967E-01
125,118,-.179292E+00
125,126,-.408300E+00
125,1955,-.284060E+00
125,1965,-.184779E+00
126,118,-.140967E-01
126,126,0.580922E+01
126,125,-.408300E+00
126,121,-.140967E-01
126,127,-.203774E+00
126,123,-.408300E+00
126,119,-.203774E+00
127,124,-.362457E+00
127,125,-.140967E-01
127,127,0.567562E+01
127,121,-.362457E+00
127,126,-.203774E+00
127,1848,-.269664E+00
127,1852,-.124205E+00
128,128,0.581227E+01
128,131,0.108305E+00
128,133,-.447675E+00
128,1549,0.636165E-01
128,1551,-.440740E+00
128,1610,-.116200E+00
128,1612,-.376079E+00
128,1636,-.328080E-01
129,129,0.557828E+01
129,132,-.456683E+00
129,131,0.108305E+00
129,138,0.108305E+00
129,137,-.429890E+00
129,2454,-.483126E+00
129,2455,-.626875E+00
130,130,0.567252E+01
130,133,-.447675E+00
130,132,-.456683E+00
130,141,0.749354E-01
130,140,-.447675E+00
130,2308,-.312584E+00
130,2309,0.584508E-01
131,128,0.108305E+00
131,131,0.557828E+01
131,133,-.456683E+00
131,129,0.108305E+00
131,132,-.429890E+00
131,1612,-.626875E+00
131,2455,-.483126E+00
132,129,-.456683E+00
132,132,0.560898E+01
132,131,-.429890E+00
132,130,-.456683E+00
132,133,0.749354E-01
132,137,0.749354E-01
132,141,-.429890E+00
133,128,-.447675E+00
133,131,-.456683E+00
133,133,0.567252E+01
133,130,-.447675E+00
133,132,0.749354E-01
133,1636,-.312584E+00
133,2308,0.584508E-01
134,134,0.543540E+01
134,136,-.362607E+00
134,138,0.108305E+00
134,646,-.267883E+00
134,648,-.164447E+00
134,663,-.537238E+00
134,665,-.742189E-01
134,1943,-.229947E+00
135,135,0.540106E+01
135,137,-.429890E+00
135,136,-.362607E+00
135,142,-.362607E+00
135,141,0.749354E-01
135,2304,-.431989E+00
135,2306,-.192800E+00
136,134,-.362607E+00
136,136,0.540106E+01
136,138,-.429890E+00
136,135,-.362607E+00
136,137,0.749354E-01
136,648,-.431989E+00
136,2304,-.192800E+00
137,135,-.429890E+00
137,137,0.560898E+01
137,136,0.749354E-01
137,129,-.429890E+00
137,138,-.456683E+00
137,132,0.749354E-01
137,141,-.456683E+00
138,134,0.108305E+00
138,136,-.429890E+00
138,138,0.557828E+01
138,129,0.108305E+00
138,137,-.456683E+00
138,663,-.483126E+00
138,2454,-.626875E+00
139,139,0.527208E+01
139,140,-.447675E+00
139,142,-.362607E+00
139,1626,-.459908E+00
139,1628,-.445390E+00
139,2132,-.317080E+00
140,139,-.447675E+00
140,140,0.567252E+01
140,142,0.749354E-01
140,130,-.447675E+00
140,141,-.456683E+00
140,2132,0.584508E-01
140,2309,-.312584E+00
141,130,0.749354E-01
141,141,0.560898E+01
141,140,-.456683E+00
141,135,0.749354E-01
141,142,-.429890E+00
141,137,-.456683E+00
141,132,-.429890E+00
142,139,-.362607E+00
142,140,0.749354E-01
142,142,0.540106E+01
142,135,-.362607E+00
142,141,-.429890E+00
142,1626,-.192800E+00
142,2306,-.431989E+00
143,143,0.567210E+01
143,145,-.397149E+00
143,144,-.165955E+00
143,151,-.203838E-01
143,150,-.397149E+00
143,1775,-.141215E+00
143,1778,-.233367E+00
144,144,0.582156E+01
144,143,-.165955E+00
144,145,-.203838E-01
144,148,-.203838E-01
144,151,-.447845E+00
145,145,0.567210E+01
145,143,-.397149E+00
145,144,-.203838E-01
145,195,-.141215E+00
145,1775,-.233367E+00
146,146,0.589053E+01
146,148,-.447845E+00
146,147,-.181757E+00
146,152,-.181757E+00
146,151,-.203838E-01
146,1769,-.106763E+00
146,1771,-.184183E+00
147,147,0.589053E+01
147,146,-.181757E+00
147,148,-.203838E-01
147,1121,-.106763E+00
147,1769,-.184183E+00
148,146,-.447845E+00
148,148,0.582156E+01
148,147,-.203838E-01
148,144,-.203838E-01
148,151,-.165955E+00
149,149,0.558067E+01
149,150,-.397149E+00
149,152,-.181757E+00
149,1203,-.822322E-01
149,1205,-.383737E+00
149,1208,-.385390E+00
149,1777,-.623895E-01
150,149,-.397149E+00
150,150,0.567210E+01
150,152,-.203838E-01
150,143,-.397149E+00
150,151,-.165955E+00
150,1777,-.233367E+00
150,1778,-.141215E+00
151,143,-.203838E-01
151,151,0.582156E+01
151,150,-.165955E+00
151,146,-.203838E-01
151,152,-.447845E+00
151,148,-.165955E+00
151,144,-.447845E+00
152,149,-.181757E+00
152,150,-.203838E-01
152,152,0.589053E+01
152,146,-.181757E+00
152,151,-.447845E+00
152,1203,-.184183E+00
152,1771,-.106763E+00
153,153,0.619690E+01
153,155,-.195537E+00
153,154,-.106380E+00
153,161,-.116612E+00
153,160,-.195537E+00
153,940,-.147713E+00
153,943,0.601763E-02
154,154,0.613185E+01
154,153,-.106380E+00
154,155,-.116612E+00
154,158,-.116612E+00
154,161,-.177764E+00
155,155,0.619690E+01
155,153,-.195537E+00
155,154,-.116612E+00
155,88,-.147713E+00
155,940,0.601763E-02
156,156,0.596137E+01
156,158,-.177764E+00
156,157,-.511517E-01
156,162,-.511517E-01
156,161,-.116612E+00
156,164,-.168759E+00
156,168,-.530616E+00
157,157,0.596137E+01
157,156,-.511517E-01
157,158,-.116612E+00
157,167,-.530616E+00
157,168,-.168759E+00
158,156,-.177764E+00
158,158,0.613185E+01
158,157,-.116612E+00
158,154,-.116612E+00
158,161,-.106380E+00
159,159,0.590497E+01
159,160,-.195537E+00
159,162,-.511517E-01
159,165,-.504868E+00
159,942,-.685326E-01
159,1042,-.438362E+00
159,2015,0.239398E-01
160,159,-.195537E+00
160,160,0.619690E+01
160,162,-.116612E+00
160,153,-.195537E+00
160,161,-.106380E+00
160,942,0.601763E-02
160,943,-.147713E+00
161,153,-.116612E+00
161,161,0.613185E+01
161,160,-.106380E+00
161,156,-.116612E+00
161,162,-.177764E+00
161,158,-.106380E+00
161,154,-.177764E+00
162,159,-.511517E-01
162,160,-.116612E+00
162,162,0.596137E+01
162,156,-.511517E-01
162,161,-.177764E+00
162,165,-.168759E+00
162,164,-.530616E+00
163,163,0.569786E+01
163,165,-.504868E+00
163,164,-.168759E+00
163,171,0.407667E-02
163,170,-.504868E+00
163,2014,-.358682E+00
163,2017,0.469506E-01
164,156,-.168759E+00
164,164,0.579088E+01
164,162,-.530616E+00
164,163,-.168759E+00
164,165,0.407667E-02
164,168,0.407667E-02
164,171,-.530616E+00
165,159,-.504868E+00
165,162,-.168759E+00
165,165,0.569786E+01
165,163,-.504868E+00
165,164,0.407667E-02
165,2015,-.358682E+00
165,2014,0.469506E-01
166,166,0.571006E+01
166,168,-.530616E+00
166,167,0.582601E-01
166,172,0.582601E-01
166,171,0.407667E-02
166,653,-.129747E+01
166,655,-.594320E+00
167,167,0.571006E+01
167,157,-.530616E+00
167,166,0.582601E-01
167,168,0.407667E-02
167,3,-.129747E+01
167,653,-.594320E+00
168,166,-.530616E+00
168,168,0.579088E+01
168,167,0.407667E-02
168,156,-.530616E+00
168,157,-.168759E+00
168,164,0.407667E-02
168,171,-.168759E+00
169,169,0.539533E+01
169,170,-.504868E+00
169,172,0.582601E-01
169,182,-.109585E+01
169,184,-.578230E-01
169,496,-.769052E+00
169,2016,-.116079E+00
170,169,-.504868E+00
170,170,0.569786E+01
170,172,0.407667E-02
170,163,-.504868E+00
170,171,-.168759E+00
170,2016,0.469506E-01
170,2017,-.358682E+00
171,163,0.407667E-02
171,171,0.579088E+01
171,170,-.168759E+00
171,166,0.407667E-02
171,172,-.530616E+00
171,168,-.168759E+00
171,164,-.530616E+00
172,169,0.582601E-01
172,170,0.407667E-02
172,172,0.571006E+01
172,166,0.582601E-01
172,171,-.530616E+00
172,182,-.594320E+00
172,655,-.129747E+01
173,173,0.525216E+01
173,176,-.900976E-01
173,175,-.610195E+00
173,181,-.610195E+00
173,180,-.894239E+00
173,492,-.981004E+00
173,493,0.366708E+00
174,174,0.522527E+01
174,177,-.109585E+01
174,176,-.900976E-01
174,183,-.349520E+00
174,182,-.109585E+01
174,654,0.285279E+00
174,655,-.594320E+00
175,7,-.610195E+00
175,175,0.525216E+01
175,177,-.900976E-01
175,173,-.610195E+00
175,176,-.894239E+00
175,10,0.366708E+00
175,493,-.981004E+00
176,173,-.900976E-01
176,176,0.482130E+01
176,175,-.894239E+00
176,174,-.900976E-01
176,177,-.349520E+00
176,180,-.349520E+00
176,183,-.894239E+00
177,7,-.109585E+01
177,175,-.900976E-01
177,177,0.522527E+01
177,174,-.109585E+01
177,176,-.349520E+00
177,8,0.285279E+00
177,654,-.594320E+00
178,178,0.477693E+01
178,180,-.894239E+00
178,179,-.578230E-01
178,184,-.578230E-01
178,183,-.349520E+00
178,495,-.616418E+00
178,499,-.671124E+00
179,179,0.477693E+01
179,181,-.894239E+00
179,178,-.578230E-01
179,180,-.349520E+00
179,498,-.671124E+00
179,499,-.616418E+00
180,178,-.894239E+00
180,180,0.482130E+01
180,179,-.349520E+00
180,173,-.894239E+00
180,181,-.900976E-01
180,176,-.349520E+00
180,183,-.900976E-01
181,179,-.894239E+00
181,181,0.525216E+01
181,173,-.610195E+00
181,180,-.900976E-01
181,492,0.366708E+00
182,169,-.109585E+01
182,182,0.522527E+01
182,184,-.349520E+00
182,174,-.109585E+01
182,183,-.900976E-01
182,172,-.594320E+00
182,655,0.285279E+00
183,174,-.349520E+00
183,183,0.482130E+01
183,182,-.900976E-01
183,178,-.349520E+00
183,184,-.894239E+00
183,180,-.900976E-01
183,176,-.894239E+00
184,169,-.578230E-01
184,182,-.349520E+00
184,184,0.477693E+01
184,178,-.578230E-01
184,183,-.894239E+00
184,496,-.616418E+00
184,495,-.671124E+00
185,185,0.606554E+01
185,110,-.395644E+00
185,111,-.111078E+00
185,188,-.111078E+00
185,189,0.310587E-02
186,186,0.588114E+01
186,188,0.310587E-02
186,187,-.339852E+00
186,190,-.339852E+00
186,189,-.111078E+00
186,1964,-.184779E+00
186,1966,-.154810E+00
187,187,0.588114E+01
187,186,-.339852E+00
187,188,-.111078E+00
187,120,-.184779E+00
187,1964,-.154810E+00
188,186,0.310587E-02
188,188,0.606554E+01
188,187,-.111078E+00
188,185,-.111078E+00
188,189,-.395644E+00
189,110,-.111078E+00
189,189,0.606554E+01
189,117,-.395644E+00
189,186,-.111078E+00
189,190,0.310587E-02
189,188,-.395644E+00
189,185,0.310587E-02
190,114,-.339852E+00
190,117,-.111078E+00
190,190,0.588114E+01
190,186,-.339852E+00
190,189,0.310587E-02
190,1951,-.154810E+00
190,1966,-.184779E+00
191,191,0.564593E+01
191,193,-.309348E+00
191,192,-.322409E+00
191,199,0.126080E-01
191,198,-.309348E+00
191,1850,-.124205E+00
191,1851,-.316613E+00
192,192,0.574985E+01
192,191,-.322409E+00
192,193,0.126080E-01
192,196,0.126080E-01
192,199,-.349032E+00
193,193,0.564593E+01
193,191,-.309348E+00
193,192,0.126080E-01
193,122,-.124205E+00
193,1850,-.316613E+00
194,194,0.563625E+01
194,196,-.349032E+00
194,195,-.277888E+00
194,200,-.277888E+00
194,199,0.126080E-01
194,1775,-.141215E+00
194,1779,-.346453E+00
195,195,0.563625E+01
195,194,-.277888E+00
195,196,0.126080E-01
195,145,-.141215E+00
195,1775,-.346453E+00
196,194,-.349032E+00
196,196,0.574985E+01
196,195,0.126080E-01
196,192,0.126080E-01
196,199,-.322409E+00
197,197,0.554061E+01
197,198,-.309348E+00
197,200,-.277888E+00
197,1780,-.623895E-01
197,1843,-.159780E+00
197,1845,-.157146E+00
197,2249,-.570479E+00
198,197,-.309348E+00
198,198,0.564593E+01
198,200,0.126080E-01
198,191,-.309348E+00
198,199,-.322409E+00
198,1845,-.316613E+00
198,1851,-.124205E+00
199,191,0.126080E-01
199,199,0.574985E+01
199,198,-.322409E+00
199,194,0.126080E-01
199,200,-.349032E+00
199,196,-.322409E+00
199,192,-.349032E+00
200,197,-.277888E+00
200,198,0.126080E-01
200,200,0.563625E+01
200,194,-.277888E+00
200,199,-.349032E+00
200,1780,-.346453E+00
200,1779,-.141215E+00
201,201,0.559558E+01
201,203,-.507477E+00
201,202,0.739315E-01
201,209,-.254387E+00
201,208,-.507477E+00
201,1072,-.306544E+00
201,1073,-.687522E-01
202,202,0.577448E+01
202,201,0.739315E-01
202,203,-.254387E+00
202,206,-.254387E+00
202,209,-.573290E+00
203,203,0.559558E+01
203,201,-.507477E+00
203,202,-.254387E+00
203,322,-.306544E+00
203,1072,-.687522E-01
204,204,0.576143E+01
204,206,-.573290E+00
204,205,0.887897E-01
204,210,0.887897E-01
204,209,-.254387E+00
204,328,-.746284E+00
204,332,-.249815E+00
205,205,0.576143E+01
205,204,0.887897E-01
205,206,-.254387E+00
205,328,-.249815E+00
206,204,-.573290E+00
206,206,0.577448E+01
206,205,-.254387E+00
206,202,-.254387E+00
206,209,0.739315E-01
207,207,0.552126E+01
207,208,-.507477E+00
207,210,0.887897E-01
207,333,-.523742E+00
207,336,-.585658E+00
207,593,0.334091E-01
207,595,-.346925E+00
208,207,-.507477E+00
208,208,0.559558E+01
208,210,-.254387E+00
208,201,-.507477E+00
208,209,0.739315E-01
208,595,-.687522E-01
208,1073,-.306544E+00
209,201,-.254387E+00
209,209,0.577448E+01
209,208,0.739315E-01
209,204,-.254387E+00
209,210,-.573290E+00
209,206,0.739315E-01
209,202,-.573290E+00
210,207,0.887897E-01
210,208,-.254387E+00
210,210,0.576143E+01
210,204,0.887897E-01
210,209,-.573290E+00
210,333,-.249815E+00
210,332,-.746284E+00
211,211,0.597104E+01
211,213,-.474782E-01
211,212,-.231146E+00
211,219,-.108161E+00
211,218,-.474782E-01
211,1473,-.174685E+00
211,1474,-.440124E+00
212,212,0.609560E+01
212,211,-.231146E+00
212,213,-.108161E+00
212,216,-.108161E+00
212,219,-.874308E-01
213,213,0.597104E+01
213,211,-.474782E-01
213,212,-.108161E+00
213,508,-.174685E+00
213,1473,-.440124E+00
214,214,0.578022E+01
214,216,-.874308E-01
214,215,-.106029E+00
214,220,-.106029E+00
214,219,-.108161E+00
214,222,-.616625E+00
214,224,-.304945E+00
215,215,0.578022E+01
215,214,-.106029E+00
215,216,-.108161E+00
215,96,-.304945E+00
215,224,-.616625E+00
216,214,-.874308E-01
216,216,0.609560E+01
216,215,-.108161E+00
216,212,-.108161E+00
216,219,-.231146E+00
217,217,0.576646E+01
217,218,-.474782E-01
217,220,-.106029E+00
217,223,-.284931E+00
217,530,-.254278E+00
217,532,-.169976E+00
217,713,-.599050E-01
217,796,-.122030E+00
218,217,-.474782E-01
218,218,0.597104E+01
218,220,-.108161E+00
218,211,-.474782E-01
218,219,-.231146E+00
218,796,-.440124E+00
218,1474,-.174685E+00
219,211,-.108161E+00
219,219,0.609560E+01
219,218,-.231146E+00
219,214,-.108161E+00
219,220,-.874308E-01
219,216,-.231146E+00
219,212,-.874308E-01
220,217,-.106029E+00
220,218,-.108161E+00
220,220,0.578022E+01
220,214,-.106029E+00
220,219,-.874308E-01
220,223,-.616625E+00
220,222,-.304945E+00
221,221,0.542484E+01
221,223,-.284931E+00
221,222,-.616625E+00
221,226,0.190875E-01
221,225,-.284931E+00
221,747,-.523926E+00
221,749,-.711161E-01
222,214,-.616625E+00
222,222,0.546485E+01
222,220,-.304945E+00
222,221,-.616625E+00
222,223,0.190875E-01
222,224,0.190875E-01
222,226,-.304945E+00
223,217,-.284931E+00
223,220,-.616625E+00
223,223,0.542484E+01
223,221,-.284931E+00
223,222,0.190875E-01
223,713,-.523926E+00
223,747,-.711161E-01
224,94,-.304945E+00
224,224,0.546485E+01
224,96,0.190875E-01
224,214,-.304945E+00
224,215,-.616625E+00
224,222,0.190875E-01
224,226,-.616625E+00
225,100,-.284931E+00
225,225,0.542484E+01
225,101,0.190875E-01
225,221,-.284931E+00
225,226,-.616625E+00
225,748,-.711161E-01
225,749,-.523926E+00
226,221,0.190875E-01
226,226,0.546485E+01
226,225,-.616625E+00
226,94,0.190875E-01
226,101,-.304945E+00
226,224,-.616625E+00
226,222,-.304945E+00
227,227,0.547423E+01
227,230,-.366738E+00
227,232,-.912616E-02
227,673,-.204841E+00
227,715,-.637244E+00
227,717,-.599050E-01
227,746,-.453005E+00
228,228,0.562883E+01
228,231,-.141285E+00
228,230,-.366738E+00
228,236,-.366738E+00
228,235,-.725887E-01
228,672,-.318378E+00
228,674,-.114597E+00
229,229,0.566693E+01
229,232,-.912616E-02
229,231,-.141285E+00
229,239,-.417852E+00
229,238,-.912616E-02
229,1116,-.288771E+00
229,1118,-.677262E+00
230,227,-.366738E+00
230,230,0.562883E+01
230,232,-.141285E+00
230,228,-.366738E+00
230,231,-.725887E-01
230,673,-.114597E+00
230,674,-.318378E+00
231,228,-.141285E+00
231,231,0.577951E+01
231,230,-.725887E-01
231,229,-.141285E+00
231,232,-.417852E+00
231,235,-.417852E+00
231,239,-.725887E-01
232,227,-.912616E-02
232,230,-.141285E+00
232,232,0.566693E+01
232,229,-.912616E-02
232,231,-.417852E+00
232,715,-.288771E+00
232,1116,-.677262E+00
233,233,0.575837E+01
233,235,-.725887E-01
233,234,-.130405E+00
233,240,-.130405E+00
233,239,-.417852E+00
233,675,-.267095E+00
233,677,-.218650E+00
234,234,0.575837E+01
234,236,-.725887E-01
234,233,-.130405E+00
234,235,-.417852E+00
234,675,-.218650E+00
235,233,-.725887E-01
235,235,0.577951E+01
235,234,-.417852E+00
235,228,-.725887E-01
235,236,-.141285E+00
235,231,-.417852E+00
235,239,-.141285E+00
236,234,-.725887E-01
236,236,0.562883E+01
236,228,-.366738E+00
236,235,-.141285E+00
236,672,-.114597E+00
237,237,0.594009E+01
237,238,-.912616E-02
237,240,-.130405E+00
237,243,-.177158E+00
237,245,-.280121E+00
237,899,0.493075E-01
237,901,-.981341E-01
237,1117,-.299958E+00
238,237,-.912616E-02
238,238,0.566693E+01
238,240,-.417852E+00
238,229,-.912616E-02
238,239,-.141285E+00
238,1117,-.677262E+00
238,1118,-.288771E+00
239,229,-.417852E+00
239,239,0.577951E+01
239,238,-.141285E+00
239,233,-.417852E+00
239,240,-.725887E-01
239,235,-.141285E+00
239,231,-.725887E-01
240,237,-.130405E+00
240,238,-.417852E+00
240,240,0.575837E+01
240,233,-.130405E+00
240,239,-.725887E-01
240,243,-.218650E+00
240,677,-.267095E+00
241,241,0.554620E+01
241,244,-.727744E+00
241,243,-.177158E+00
241,249,-.177158E+00
241,248,-.174574E+00
241,676,-.119524E+00
241,677,-.218650E+00
242,242,0.555701E+01
242,245,-.280121E+00
242,244,-.727744E+00
242,252,-.872203E-01
242,251,-.280121E+00
242,1997,-.700004E+00
242,1999,0.175546E+00
243,237,-.177158E+00
243,243,0.554620E+01
243,245,-.727744E+00
243,241,-.177158E+00
243,244,-.174574E+00
243,240,-.218650E+00
243,677,-.119524E+00
244,241,-.727744E+00
244,244,0.535517E+01
244,243,-.174574E+00
244,242,-.727744E+00
244,245,-.872203E-01
244,248,-.872203E-01
244,252,-.174574E+00
245,237,-.280121E+00
245,243,-.727744E+00
245,245,0.555701E+01
245,242,-.280121E+00
245,244,-.872203E-01
245,899,-.700004E+00
245,1997,0.175546E+00
246,246,0.530187E+01
246,248,-.174574E+00
246,247,-.712605E+00
246,253,-.712605E+00
246,252,-.872203E-01
246,288,-.566657E+00
246,292,0.111659E+00
247,247,0.530187E+01
247,249,-.174574E+00
247,246,-.712605E+00
247,248,-.872203E-01
247,288,0.111659E+00
248,246,-.174574E+00
248,248,0.535517E+01
248,247,-.872203E-01
248,241,-.174574E+00
248,249,-.727744E+00
248,244,-.872203E-01
248,252,-.727744E+00
249,247,-.174574E+00
249,249,0.554620E+01
249,241,-.177158E+00
249,248,-.727744E+00
249,676,-.218650E+00
250,250,0.502812E+01
250,251,-.280121E+00
250,253,-.712605E+00
250,293,-.349605E+00
250,310,-.600784E+00
250,1998,-.549379E+00
251,250,-.280121E+00
251,251,0.555701E+01
251,253,-.872203E-01
251,242,-.280121E+00
251,252,-.727744E+00
251,1998,0.175546E+00
251,1999,-.700004E+00
252,242,-.872203E-01
252,252,0.535517E+01
252,251,-.727744E+00
252,246,-.872203E-01
252,253,-.174574E+00
252,248,-.727744E+00
252,244,-.174574E+00
253,250,-.712605E+00
253,251,-.872203E-01
253,253,0.530187E+01
253,246,-.712605E+00
253,252,-.174574E+00
253,293,0.111659E+00
253,292,-.566657E+00
254,254,0.596380E+01
254,257,0.119904E+00
254,259,-.468558E+00
254,1170,-.102502E+00
254,1172,-.264968E+00
254,1986,0.646014E-01
254,2002,-.874296E+00
255,255,0.585412E+01
255,258,-.344485E+00
255,257,0.119904E+00
255,263,0.119904E+00
255,262,-.490776E+00
255,2343,-.902090E+00
255,2344,-.194562E+00
256,256,0.578969E+01
256,259,-.468558E+00
256,258,-.344485E+00
256,266,0.116569E+00
256,265,-.468558E+00
256,1785,-.173527E+00
256,1786,-.425522E-01
257,254,0.119904E+00
257,257,0.585412E+01
257,259,-.344485E+00
257,255,0.119904E+00
257,258,-.490776E+00
257,2002,-.194562E+00
257,2344,-.902090E+00
258,255,-.344485E+00
258,258,0.583054E+01
258,257,-.490776E+00
258,256,-.344485E+00
258,259,0.116569E+00
258,262,0.116569E+00
258,266,-.490776E+00
259,254,-.468558E+00
259,257,-.344485E+00
259,259,0.578969E+01
259,256,-.468558E+00
259,258,0.116569E+00
259,1170,-.173527E+00
259,1785,-.425522E-01
260,260,0.569079E+01
260,262,-.490776E+00
260,261,-.282897E+00
260,267,-.282897E+00
260,266,0.116569E+00
260,703,-.334888E+00
260,707,-.147742E+00
261,261,0.569079E+01
261,263,-.490776E+00
261,260,-.282897E+00
261,262,0.116569E+00
261,703,-.147742E+00
262,260,-.490776E+00
262,262,0.583054E+01
262,261,0.116569E+00
262,255,-.490776E+00
262,263,-.344485E+00
262,258,0.116569E+00
262,266,-.344485E+00
263,261,-.490776E+00
263,263,0.585412E+01
263,255,0.119904E+00
263,262,-.344485E+00
263,1382,-.902090E+00
263,2343,-.194562E+00
264,264,0.557441E+01
264,265,-.468558E+00
264,267,-.282897E+00
264,708,-.417499E+00
264,1409,-.320503E+00
264,1411,-.260766E+00
265,264,-.468558E+00
265,265,0.578969E+01
265,267,0.116569E+00
265,256,-.468558E+00
265,266,-.344485E+00
265,1411,-.425522E-01
265,1786,-.173527E+00
266,256,0.116569E+00
266,266,0.583054E+01
266,265,-.344485E+00
266,260,0.116569E+00
266,267,-.490776E+00
266,262,-.344485E+00
266,258,-.490776E+00
267,264,-.282897E+00
267,265,0.116569E+00
267,267,0.569079E+01
267,260,-.282897E+00
267,266,-.490776E+00
267,708,-.147742E+00
267,707,-.334888E+00
268,268,0.672924E+01
268,271,-.326259E-01
268,273,-.705533E-01
268,386,0.858440E-01
268,801,0.224785E+00
268,803,-.352036E+00
268,1402,0.202204E+00
268,1404,-.320503E+00
269,269,0.636694E+01
269,272,-.226959E+00
269,271,-.326259E-01
269,277,-.326259E-01
269,276,-.208213E-01
269,385,0.267587E-01
269,387,-.381704E+00
270,270,0.661685E+01
270,273,-.705533E-01
270,272,-.226959E+00
270,280,-.362268E-01
270,279,-.705533E-01
270,1891,-.173803E+00
270,1892,0.181131E+00
271,268,-.326259E-01
271,271,0.636694E+01
271,273,-.226959E+00
271,269,-.326259E-01
271,272,-.208213E-01
271,386,-.381704E+00
271,387,0.267587E-01
272,269,-.226959E+00
272,272,0.640571E+01
272,271,-.208213E-01
272,270,-.226959E+00
272,273,-.362268E-01
272,276,-.362268E-01
272,280,-.208213E-01
273,268,-.705533E-01
273,271,-.226959E+00
273,273,0.661685E+01
273,270,-.705533E-01
273,272,-.362268E-01
273,801,-.173803E+00
273,1891,0.181131E+00
274,274,0.605288E+01
274,276,-.208213E-01
274,275,-.122663E+00
274,281,-.122663E+00
274,280,-.362268E-01
274,457,-.466527E+00
274,461,-.215501E+00
275,275,0.605288E+01
275,277,-.208213E-01
275,274,-.122663E+00
275,276,-.362268E-01
275,457,-.215501E+00
276,274,-.208213E-01
276,276,0.640571E+01
276,275,-.362268E-01
276,269,-.208213E-01
276,277,-.226959E+00
276,272,-.362268E-01
276,280,-.226959E+00
277,275,-.208213E-01
277,277,0.636694E+01
277,269,-.326259E-01
277,276,-.226959E+00
277,385,-.381704E+00
278,278,0.594753E+01
278,279,-.705533E-01
278,281,-.122663E+00
278,462,-.331230E+00
278,838,-.138483E+00
278,840,-.123875E+00
278,1378,-.343762E+00
279,278,-.705533E-01
279,279,0.661685E+01
279,281,-.362268E-01
279,270,-.705533E-01
279,280,-.226959E+00
279,840,0.181131E+00
279,1892,-.173803E+00
280,270,-.362268E-01
280,280,0.640571E+01
280,279,-.226959E+00
280,274,-.362268E-01
280,281,-.208213E-01
280,276,-.226959E+00
280,272,-.208213E-01
281,278,-.122663E+00
281,279,-.362268E-01
281,281,0.605288E+01
281,274,-.122663E+00
281,280,-.208213E-01
281,462,-.215501E+00
281,461,-.466527E+00
282,282,0.543357E+01
282,97,-.692794E+00
282,98,-.795818E-01
282,285,-.795818E-01
282,286,-.161797E+00
283,283,0.525370E+01
283,285,-.161797E+00
283,284,-.618216E+00
283,287,-.618216E+00
283,286,-.795818E-01
283,750,-.382084E+00
283,752,-.913049E-01
284,284,0.525370E+01
284,283,-.618216E+00
284,285,-.795818E-01
284,671,-.382084E+00
284,750,-.913049E-01
285,283,-.161797E+00
285,285,0.543357E+01
285,284,-.795818E-01
285,282,-.795818E-01
285,286,-.692794E+00
286,97,-.795818E-01
286,286,0.543357E+01
286,103,-.692794E+00
286,283,-.795818E-01
286,287,-.161797E+00
286,285,-.692794E+00
286,282,-.161797E+00
287,100,-.618216E+00
287,103,-.795818E-01
287,287,0.525370E+01
287,283,-.618216E+00
287,286,-.161797E+00
287,748,-.913049E-01
287,752,-.382084E+00
288,288,0.524856E+01
288,246,-.566657E+00
288,247,0.111659E+00
288,291,0.111659E+00
288,292,-.697467E+00
289,289,0.495160E+01
289,291,-.697467E+00
289,290,-.349605E+00
289,293,-.349605E+00
289,292,0.111659E+00
289,309,-.661543E+00
289,313,-.464332E+00
290,290,0.495160E+01
290,289,-.349605E+00
290,291,0.111659E+00
290,312,-.464332E+00
290,313,-.661543E+00
291,289,-.697467E+00
291,291,0.524856E+01
291,290,0.111659E+00
291,288,0.111659E+00
291,292,-.566657E+00
292,246,0.111659E+00
292,292,0.524856E+01
292,253,-.566657E+00
292,289,0.111659E+00
292,293,-.697467E+00
292,291,-.566657E+00
292,288,-.697467E+00
293,250,-.349605E+00
293,253,0.111659E+00
293,293,0.495160E+01
293,289,-.349605E+00
293,292,-.697467E+00
293,310,-.661543E+00
293,309,-.464332E+00
294,294,0.608020E+01
294,297,0.218676E+00
294,299,-.856532E+00
294,1123,-.223676E+00
294,1195,-.647918E-01
294,1197,-.822322E-01
294,1301,0.403933E-01
294,1303,-.210327E+00
295,295,0.608029E+01
295,298,-.783001E+00
295,297,0.218676E+00
295,303,0.218676E+00
295,302,-.998714E+00
295,1122,-.263169E+00
295,1124,-.154351E+00
296,296,0.563139E+01
296,299,-.856532E+00
296,298,-.783001E+00
296,306,0.401922E+00
296,305,-.856532E+00
296,2359,-.783478E+00
296,2360,0.209443E+00
297,294,0.218676E+00
297,297,0.608029E+01
297,299,-.783001E+00
297,295,0.218676E+00
297,298,-.998714E+00
297,1123,-.154351E+00
297,1124,-.263169E+00
298,295,-.783001E+00
298,298,0.591790E+01
298,297,-.998714E+00
298,296,-.783001E+00
298,299,0.401922E+00
298,302,0.401922E+00
298,306,-.998714E+00
299,294,-.856532E+00
299,297,-.783001E+00
299,299,0.563139E+01
299,296,-.856532E+00
299,298,0.401922E+00
299,1301,-.783478E+00
299,2359,0.209443E+00
300,300,0.574459E+01
300,302,-.998714E+00
300,301,-.681072E+00
300,307,-.681072E+00
300,306,0.401922E+00
300,2355,-.109243E+01
300,2357,0.261354E+00
301,301,0.574459E+01
301,303,-.998714E+00
301,300,-.681072E+00
301,302,0.401922E+00
301,506,-.109243E+01
301,2355,0.261354E+00
302,300,-.998714E+00
